990
926
1682
584
140
2383
443
1559
746
45
1626
2098
1615
1110
2428
1648
2601
1141
6
2003
2446
456
285
1371
1341
2321
390
1098
2542
521
1167
85
2476
1106
1395
2608
1556
1607
871
2407
2681
107
2694
802
2704
1680
878
1588
799
973
1275
128
310
1436
800
2253
2357
1703
2410
2319
647
2615
986
55
1177
1327
1470
46
580
720
2602
2454
1099
505
214
681
461
2358
233
640
1453
1622
2099
2527
1713
1724
1066
927
261
1557
2409
1411
1922
2693
1355
92
2051
116
2310
311
2692
1765
1344
2574
1796
1784
1612
1161
486
643
1962
1861
2463
1629
2489
2237
1701
77
806
1670
1805
406
856
1233
1350
43
783
555
1343
2365
1186
636
2711
2181
2375
1602
763
748
1354
1364
1582
2249
1164
1662
1454
1488
653
1570
1691
2587
1412
2372
510
1916
2071
1075
2146
561
752
671
1121
1936
1348
1952
1828
895
457
608
1330
1281
1088
1897
1001
9
1494
1010
1852
1089
2265
1309
2351
1895
2600
234
770
2247
2020
1147
784
149
610
559
2047
2201
524
766
257
1993
1638
1049
1890
1310
2013
2355
1441
405
1705
2657
114
1543
597
2263
1187
954
2429
289
2293
829
2515
2497
663
2391
1018
1360
224
1518
2140
1923
2106
922
1961
1031
59
2097
1002
1268
868
318
2270
57
3
1071
368
696
2288
2246
326
2689
1748
1950
389
41
489
1942
2202
1878
519
902
2112
1006
679
2089
657
2160
403
537
1481
1539
1988
417
1813
1372
2435
729
412
1109
1874
955
1432
277
2544
216
78
2154
2179
626
1068
1919
956
1127
1209
1234
265
1541
1242
1830
293
897
917
1865
1302
1202
171
2529
2442
2455
1862
1725
2509
1777
759
2382
756
2461
2252
2426
1714
1440
834
2379
2617
997
1435
2642
1322
2359
1447
1902
306
1992
1126
221
1695
601
2228
1090
2048
2178
1423
683
617
1819
2401
982
1476
713
23
2596
545
2194
1139
137
1422
2185
971
124
494
778
1221
2452
1825
1163
2169
52
1316
1822
1491
2699
1798
1040
129
1746
2072
1989
900
2029
421
111
734
1841
2438
1044
1554
1325
2573
2686
2688
631
2627
1072
2210
512
240
1947
645
2637
2551
142
1058
2031
2597
791
1536
2244
1645
817
1772
1393
2158
1352
2389
2126
996
569
282
2649
2
2550
2030
1165
341
2697
1301
1367
2171
1551
2450
714
535
649
2552
228
2468
236
2218
1042
1215
532
67
1715
284
402
1280
907
1019
2022
134
2195
2430
335
2522
2005
1934
2243
2094
893
1212
1867
632
1869
1674
2628
2224
534
1225
1386
429
419
316
1598
1797
1618
188
467
913
1842
560
206
1028
451
2096
853
2560
522
1358
1428
1896
2371
1399
2282
1426
2148
16
2144
1038
1507
1532
1884
127
2046
238
2610
669
329
700
1466
1640
174
1547
875
1958
1639
884
1222
946
2183
1783
2346
1130
2370
1118
552
2000
2362
448
548
847
703
2554
785
570
86
2404
344
296
694
1201
1932
2168
2523
739
2611
1339
2271
2369
1283
196
992
2136
1697
2281
235
616
106
2505
2326
1149
1689
442
1057
574
562
961
1034
1158
409
2091
1097
11
42
823
2373
1943
1421
1508
1768
2458
37
1502
920
113
138
1722
255
1036
217
463
394
1981
69
564
365
88
697
1702
1135
2259
65
635
827
1857
1891
526
2101
554
2466
2511
769
765
1483
1148
1373
1812
1315
1270
2124
391
2708
1307
462
270
2566
2242
869
795
1231
2052
2193
721
2150
1743
1103
2532
2363
566
1157
2703
1829
1954
2484
79
761
146
2157
219
782
2100
2076
359
1133
1511
445
1668
1578
1252
2226
2262
136
490
80
1256
2156
1811
416
832
2108
1273
1319
366
2258
1568
711
267
436
2023
2234
1973
1987
1297
353
130
477
1505
979
1721
347
1012
2635
1540
1263
1521
1808
936
1855
121
2299
201
2186
17
1955
2546
879
1907
1232
1646
2585
464
1978
2528
2504
1560
2016
1576
2077
1429
2402
2128
527
1856
1366
56
2518
1850
2338
894
803
1303
2127
385
2041
24
1515
2066
1490
1637
1160
1523
273
1383
637
449
2037
706
2021
2663
1287
2516
735
959
881
1216
231
722
2588
1063
724
2676
1265
2579
1156
1007
147
2350
755
1451
2647
246
2479
667
1983
1117
504
1478
1328
1735
1285
2459
105
1951
1405
2284
21
1032
1241
1410
468
1726
2447
652
1692
1974
301
29
905
861
2074
13
1610
2555
1407
281
790
2553
479
2315
1054
15
2434
1153
546
2665
1249
2147
1846
511
2103
2297
2652
481
743
274
887
1781
1579
1474
1549
165
2423
1590
1219
602
622
2536
2367
1101
1785
661
595
1535
852
185
93
702
1699
751
321
901
2329
1024
1623
1398
1760
923
738
1114
1223
1756
1542
1672
2034
1211
2295
2331
2118
1905
2339
1591
644
1519
1613
1183
2540
58
1185
2341
1140
70
87
1450
1673
2510
1529
1347
618
581
207
677
2134
1949
180
886
1406
709
2241
1872
749
2012
1247
2164
2260
299
1240
1730
1175
1510
2300
61
2159
2049
2261
543
2403
593
2122
1418
2432
34
187
1053
1749
350
1503
2456
1197
530
382
151
1706
1389
2172
1200
459
480
1363
1767
2677
266
1644
1446
506
1652
2465
81
1331
684
2613
1792
1911
1124
1632
1356
1814
1821
655
2494
2521
119
1235
1025
2347
1000
656
725
2580
1244
1649
2412
1122
1594
2039
1806
476
1146
2187
764
1663
710
98
2011
328
596
375
1486
1213
263
2417
2666
2646
485
254
2682
1353
1782
1817
2470
929
225
1016
2658
215
1074
603
278
223
2594
1294
2577
1276
2272
35
2044
807
2235
1915
843
2330
253
1368
126
392
332
2619
189
665
2139
968
431
1840
1095
1120
2064
2421
600
919
1218
2381
2291
1370
415
792
1022
909
53
2533
135
1308
2068
308
572
2415
1577
513
1056
271
2531
774
294
2240
1693
1409
1060
2664
2298
2117
2090
393
2606
408
1081
2656
1290
1533
2334
131
965
2634
934
2070
169
2395
2165
2335
1261
2087
841
31
2377
1113
864
1683
1014
2121
469
1647
364
1881
1456
143
60
100
1375
374
192
1345
1384
1162
1967
762
2294
414
2672
2562
1738
571
430
50
877
1913
2630
1295
40
471
1455
836
2055
1320
1416
1340
337
882
638
2182
1269
2119
2166
1758
1467
1152
1845
297
509
539
903
380
1980
1676
2621
951
1538
1707
2018
1823
222
1908
2110
1995
776
1827
1387
2276
161
731
1920
2582
1736
354
2487
796
567
199
2616
1619
1288
1611
0
1800
1262
424
1245
226
2067
1190
2626
1770
243
333
410
750
376
1433
2019
264
1620
615
1790
1636
22
1067
2093
2464
2474
75
1671
2374
1159
360
39
1388
2155
288
1946
1230
482
804
492
787
167
1105
51
821
1926
1062
590
842
1008
2352
352
2393
2449
1323
1917
444
1555
1684
420
2622
2024
1832
154
1404
716
1605
1069
2255
801
1976
1462
621
473
1953
2570
568
2530
1217
1011
1318
1979
2248
1769
1804
780
407
1755
1326
2578
541
2460
958
639
2444
2045
831
484
1675
550
2416
1254
1496
865
1704
2575
2572
54
76
2014
1445
2233
327
1723
964
256
611
718
838
334
1843
754
2538
1717
1228
2539
377
1994
1698
1681
97
2015
2180
2075
1716
1396
166
528
1104
565
1460
373
1155
2702
440
1329
197
872
1237
1561
2629
1899
2085
789
858
1678
1452
930
96
1382
1181
1080
1013
2082
82
2376
1775
230
578
372
1266
1654
577
434
2213
2701
2277
455
1317
2111
250
322
1624
563
1609
1669
1969
1021
1205
1999
2445
204
2287
540
2285
371
998
1264
2320
2323
699
8
1651
2451
1650
910
624
1376
1380
1448
2433
1794
1528
1863
585
1258
1563
2304
1909
2109
1933
287
1882
109
290
1425
1243
855
184
123
2563
2275
90
1424
1475
2632
628
475
2462
2152
941
2059
2503
1138
947
2061
1564
458
251
340
2170
2176
2556
2267
2691
2349
1005
607
2405
1971
2133
1799
491
2214
2495
994
19
904
2027
1272
1733
399
820
2313
102
2457
200
2256
1870
1517
816
338
1960
2639
1017
1877
837
370
120
1592
2364
938
248
1581
2274
2129
1966
1927
592
2219
2290
331
2414
2612
876
675
2317
1227
991
874
1791
1033
825
1180
599
2151
1172
1394
2394
2609
1482
2227
1093
1880
2063
4
1569
2598
1171
2345
953
1885
1666
1166
2488
1251
660
704
810
1945
1134
2199
1887
302
2408
811
1876
1641
252
1048
2115
183
2040
413
2519
741
1621
1191
1552
808
1586
2507
418
1941
1685
2547
542
2104
619
47
2498
845
1606
2631
283
1299
1239
2095
589
498
1657
247
2035
538
5
345
150
553
1849
2058
1342
1123
1964
1271
162
849
305
2668
1357
1267
931
908
2502
33
2390
1759
1918
452
2206
314
1655
2217
2107
388
531
715
1210
64
2332
2480
1774
1737
794
1041
1427
2207
1617
1076
1003
133
728
2506
2705
745
1826
1513
2057
1930
1906
156
1046
2145
670
2143
1401
2411
664
30
533
2286
698
1742
1015
2707
1600
1537
924
2366
2706
1132
1092
899
488
291
1257
695
773
1642
587
1039
2361
935
2486
404
1643
2576
2062
609
777
1
723
213
2548
848
262
1198
1520
1839
641
1764
2680
2478
447
2309
1996
1854
1306
191
1484
673
2257
781
594
441
583
680
2378
1397
1506
2638
1430
1968
690
157
1567
1203
62
268
300
757
1526
2198
2683
730
582
1337
249
2318
320
999
984
2303
2204
2135
1921
1030
708
2603
2565
1278
1296
2175
2053
1144
2384
2482
2492
339
646
1904
1700
2038
614
292
1816
103
2254
798
155
362
1900
1795
985
2534
7
115
319
89
1189
2660
888
1875
125
2517
2197
2113
1027
2333
788
1991
437
83
1179
1837
152
36
208
2010
176
2073
1431
846
18
164
2230
2678
1990
520
244
2280
1504
2236
1136
1575
558
1174
1420
733
2302
2712
2431
547
450
1831
1937
1045
1914
1403
1574
896
2120
2659
182
2278
2387
1009
2200
1480
1050
2614
500
2268
2524
760
993
1789
536
112
27
514
342
672
1169
1052
2641
2477
586
2493
873
1193
2618
1940
2650
2399
1413
1119
1595
2586
943
939
1419
2595
1150
911
2368
1055
66
99
1587
2670
2654
1984
2644
1392
1635
2388
666
2436
1530
1196
1809
2221
949
1365
970
1084
2238
229
2709
438
705
397
2215
2512
423
1043
1925
1834
1959
2662
830
2325
1314
1807
2564
2499
1739
1472
209
1204
379
1625
2283
625
772
1346
1546
1744
2485
2687
779
1931
1762
1100
1544
1667
1545
983
241
1710
1866
1047
168
1659
12
1414
1208
1868
2209
211
1020
2017
591
880
1457
967
1199
1802
198
1972
2336
1838
1408
1168
1750
1631
1402
1780
1793
73
2569
2153
1761
1604
2125
2231
395
1305
2380
2191
2620
525
515
2314
483
428
1142
1378
1633
110
315
1883
1438
1206
1593
963
139
1282
1192
2418
1023
2643
1260
2636
937
232
623
2424
2671
369
758
2589
317
2695
1718
1886
351
2605
1116
1894
775
1810
398
2296
1289
529
1766
1679
1381
862
239
2065
259
2192
1111
1391
1550
2583
501
1778
2420
2001
629
2116
1898
549
726
2092
1531
1763
2397
2545
844
220
945
1085
1970
1469
1338
620
432
678
1293
1982
2174
2086
850
2490
1997
453
474
1860
732
975
2009
386
1847
48
2469
1910
989
2633
2406
1803
1286
818
981
2343
2239
1712
668
435
1274
2306
1939
2500
2525
1417
1864
1835
866
1465
202
2305
2328
933
912
2131
2685
2141
1131
2251
1773
1627
242
867
108
454
516
613
1125
2592
833
2311
2437
768
662
2710
693
330
1771
272
1379
2250
1224
1250
1687
49
1661
148
885
1442
401
1998
367
2025
630
892
2698
612
2004
2537
2161
1487
1029
2190
205
2684
2623
1195
2342
433
2448
2188
356
2220
227
1824
1745
1562
1335
1596
742
987
1851
642
71
2211
1776
2002
2607
1207
914
173
325
2604
1437
2340
1444
400
1304
1584
1653
343
2142
1893
2033
707
381
948
1255
1944
94
275
648
2679
1859
1572
1729
38
604
634
2177
1753
1696
496
1527
1096
212
466
2205
2078
701
1660
2467
1747
132
995
1938
691
1948
2675
446
1079
153
686
44
1719
2312
1129
857
579
793
1065
508
1589
422
2549
2273
1599
195
906
1499
1128
1524
1965
1449
2348
2514
2496
190
2266
1362
2036
2561
1284
1473
976
1597
396
2264
2006
1732
890
2028
2008
928
1279
1037
172
2337
891
1035
2042
1820
736
606
1720
122
383
2441
20
1928
2674
2212
1986
304
2327
2307
1727
650
2690
387
1463
1534
1879
576
685
1522
1061
2080
2232
1374
2669
2081
2427
1888
1583
2483
427
2322
26
1253
2584
819
2557
117
84
1709
2508
1443
2324
1711
2568
1912
1694
598
925
727
966
2102
276
2360
1246
2043
627
507
1400
361
1083
465
1359
2149
2316
2354
1501
298
1603
260
378
1801
2222
1509
544
1390
988
118
218
1324
1977
1082
28
1614
1871
2513
1752
1086
674
1779
1754
556
1108
1573
1757
1220
1731
977
972
952
1514
1658
2123
2026
411
1492
179
605
307
2279
2567
813
1311
68
978
2475
957
1298
2225
1259
974
1664
654
1656
336
1321
1107
960
2289
682
2571
346
2344
1094
2269
2471
1184
2079
1151
883
1415
771
1459
1489
144
824
2625
1300
1616
1688
747
2132
1194
2356
1892
2473
1091
1336
1665
1173
676
1628
1498
2443
633
1439
1154
2591
1115
1170
2163
74
942
1229
944
1558
1903
478
2069
1064
1818
357
2624
384
2196
1686
2422
2392
313
2060
1238
349
1176
32
557
1787
2308
470
1332
1004
2640
63
889
517
851
2673
2189
1102
2425
840
1553
175
1479
2661
1277
2398
1901
1188
1458
1333
1957
1248
573
1313
163
2651
1853
1369
2439
1728
1836
1677
1495
2138
744
2167
2440
651
712
160
358
814
658
286
2648
303
1512
797
312
309
1377
2105
178
2245
10
1464
495
210
1858
822
2593
551
1975
737
523
1361
497
141
159
915
1985
2419
835
2590
588
203
1566
237
269
2453
245
1580
1963
767
1051
1137
2353
1734
1312
2114
1956
1087
916
2385
170
2386
863
2208
2599
687
2491
1690
1516
1073
14
689
186
1634
1182
940
2558
1070
1143
2667
1751
870
472
194
1291
2162
145
1349
854
2501
1935
2472
688
426
1334
980
2413
323
717
2526
177
1873
363
1608
1630
1485
2543
1497
1844
1525
828
502
2541
1788
812
1178
101
2056
2050
487
2696
280
518
1145
740
2396
348
1468
2216
786
1601
1471
826
295
860
2137
1112
575
193
962
1077
2655
258
2083
91
1786
692
1351
95
1565
1477
1500
2301
1815
1833
1493
72
898
1461
1924
2653
1585
1434
2088
921
2032
2223
2007
1214
2130
355
1292
918
2203
2581
1571
969
1708
1741
1848
659
2054
932
1078
805
460
809
1548
181
2400
719
1740
1929
503
158
2700
1236
815
2645
2184
2520
950
2292
2481
499
2559
324
2229
104
2173
1226
493
1889
2535
1059
753
839
1385
25
425
1026
859
279
2084
439
