168
174
477
159
868
1210
335
2472
2618
2220
2677
1341
1387
383
2278
2545
162
957
2641
283
1654
2450
1614
2079
1734
1354
1285
1852
1704
1618
328
296
1782
1746
2253
2240
1185
1007
1481
1090
2614
150
1003
228
1756
1391
2025
1047
960
620
415
831
443
1903
2124
1418
815
2562
118
987
956
1455
1949
280
408
2310
1464
882
574
929
496
1294
828
1538
674
308
1623
1956
1151
2012
1857
2010
1663
635
2172
2186
1793
1310
2153
2531
962
143
2457
2234
722
417
219
2443
649
1904
894
85
424
749
2036
896
867
215
2464
1446
511
364
646
1557
1168
2252
764
1628
186
2592
820
1490
322
1165
979
277
2184
1456
1234
334
2631
175
1451
879
2185
1333
1918
245
2397
750
38
395
1651
2229
1738
2294
2051
1583
1953
897
1700
1494
1570
1295
1574
1288
2511
1846
2404
752
1019
851
358
2643
1227
1
214
2503
2363
266
2343
393
255
1281
2574
229
2575
1519
718
2005
2707
814
1149
1855
2648
1803
1576
739
1914
1299
1915
885
1666
1605
2420
1012
1180
1742
843
2230
1046
80
545
963
1148
1010
2216
2447
2685
782
189
1152
1608
1548
2021
2325
2098
1084
494
1373
1866
547
2466
2425
1693
9
556
372
495
457
1014
796
1982
2411
917
1566
1512
2486
329
1860
1030
1727
2678
470
839
2141
48
698
2640
1438
1436
1607
332
772
1247
2665
312
1272
2016
106
399
69
1229
1155
2046
2524
1636
1692
2693
853
1811
1771
2162
195
823
1027
2668
2655
2540
1170
2563
1016
1159
1263
803
1685
2622
87
489
661
2485
1565
2108
504
1758
993
1465
2522
317
2155
1217
472
1108
1329
911
1105
2709
1960
2588
1989
77
945
1386
1588
2459
1213
1412
1922
1736
2248
1594
1489
409
529
1075
2368
2657
1161
419
1997
1780
1459
554
2600
1319
910
2520
2258
1912
834
450
55
476
265
120
866
63
2620
2569
2383
930
2636
341
520
126
2674
1500
1643
2276
1370
575
247
1470
1923
1060
990
948
2023
2424
353
1083
2582
1887
2652
1802
789
2348
374
2321
355
919
2565
2351
1219
1546
884
2630
1078
510
2399
2502
2195
1568
878
829
2208
1509
274
1920
2611
2324
1749
1445
2496
776
188
2374
483
24
639
2205
1442
127
1262
456
1111
1224
226
1207
679
2089
1553
1868
2060
1221
86
349
2039
2111
95
1664
1785
1218
1415
1988
1401
1448
2064
916
376
2679
1292
1245
2628
2541
549
2430
1610
2313
1641
385
74
2238
1876
683
1035
1833
2493
941
373
1775
1732
2000
2067
488
685
566
2004
755
1778
2031
2223
944
1667
2081
2177
2697
469
908
406
79
2347
2586
2026
899
2071
2460
553
972
1932
2339
531
2572
1126
2552
109
1965
2359
976
2633
2559
310
2416
2295
1627
1193
1228
938
1797
613
1669
222
1179
203
1990
2650
130
1181
2173
713
758
1582
2077
1135
379
1359
1656
1131
362
2422
1622
2118
1694
1536
2519
717
2659
2134
801
816
591
1882
781
1059
1708
2615
1052
517
1616
2320
425
647
1898
2663
1665
2698
246
98
1474
313
2158
1176
778
1952
864
1109
192
2388
785
1544
1611
1929
2069
1237
2458
356
1339
1690
0
1355
569
1026
729
601
1182
166
2680
900
821
2215
2204
2191
2125
1385
756
2292
2606
1296
2308
690
221
2395
2699
1158
501
1917
2274
2129
1735
1968
462
1411
950
436
552
102
1593
1408
1901
1985
2385
2070
1001
1089
2256
371
1129
693
309
634
1541
2266
2529
975
1961
1345
1578
1769
2438
1944
440
1524
152
966
1322
136
1680
2284
835
2270
2442
176
1460
455
849
832
2045
2543
2609
572
914
1269
2597
1818
1532
1822
1134
1088
775
468
663
65
422
1372
464
2132
307
2360
522
1394
1816
237
1786
20
2474
1397
1590
1806
1396
1579
1066
1652
423
2044
430
21
1363
859
1124
140
6
1849
1531
149
2187
1981
1630
888
1893
2113
1211
1935
1428
871
187
1529
1364
2441
157
800
2211
2409
1943
445
710
2642
1205
1514
1140
856
1270
599
2544
295
2285
584
557
2400
92
892
2126
1766
2653
389
1838
1253
735
2604
1807
2249
597
1788
1699
99
753
705
1321
257
2092
519
294
1429
2421
660
1625
1957
2489
1511
1629
1405
2328
2366
2667
1121
1276
2190
2127
901
88
25
619
2561
62
2579
1000
1970
1174
2378
757
612
197
1869
1071
2625
288
1331
1969
2246
447
2146
2304
2532
2694
1632
532
1473
1865
624
780
1141
2199
1619
1845
2329
2517
103
861
1505
403
1504
2150
2035
287
57
2412
1021
250
36
2346
2361
2013
1183
784
1005
2072
206
2206
1366
571
583
1383
2593
434
1327
573
551
2297
546
1596
1137
651
642
2601
813
869
2467
1658
1094
2130
1476
991
2564
1049
1332
164
1702
282
113
2059
2389
50
536
2011
2426
1417
1441
543
2024
982
407
1783
2607
865
542
1716
1967
114
2704
725
1933
770
185
239
23
877
791
2439
1501
352
378
2525
2182
568
2482
2570
2244
973
326
1055
2684
659
1600
2312
1679
1112
716
181
2221
1122
537
2147
2436
586
205
1955
1395
258
2481
793
204
2133
1826
459
703
331
2417
439
1378
1688
1757
1719
926
688
1581
314
1750
1240
482
2326
2066
2536
538
1303
1382
1216
301
1740
607
570
1847
714
1297
996
2298
1813
2219
1701
1486
2225
1110
2403
90
1316
1424
281
1518
278
1326
1954
70
161
1863
211
1522
1837
848
1128
2032
995
108
2619
190
606
427
1754
234
579
711
1017
886
1729
398
769
2264
139
632
2465
625
31
202
2340
1776
1076
2598
210
2311
1082
1153
1599
1107
34
298
1848
1271
1215
1526
1631
1905
361
2484
1433
1767
1823
1118
1379
1305
891
2396
347
2414
684
2041
381
1516
2042
293
2578
1772
2530
286
1336
1653
2546
811
617
602
2483
1376
291
2242
1717
75
954
1562
2571
2236
1810
2390
1191
2056
1947
276
2197
1925
1645
12
576
1144
2117
1558
58
582
1127
1250
370
2053
1560
2376
2139
2038
2306
2287
790
1177
943
1554
1413
1350
53
924
2281
2367
1510
3
236
783
874
259
1081
1301
720
708
2384
1861
1313
66
2405
191
2336
1889
1795
2386
2549
1167
2078
1506
2581
2591
534
1454
116
2167
2149
1338
83
2605
2232
1352
1674
2585
270
432
1910
857
509
567
1289
1545
1597
444
302
2381
2291
1106
480
1584
238
10
1374
1260
402
737
1547
1443
2371
2283
1013
2518
1595
194
2020
992
1028
1444
1057
348
2683
873
747
1556
2701
505
2202
1931
252
605
1202
1877
1323
701
961
2009
1184
2160
2241
1187
1908
1068
1572
1093
1670
1439
1836
1171
1482
1684
2410
1145
799
429
1061
1523
2090
600
622
967
2499
2456
1870
1659
1850
78
2017
527
463
955
388
1495
1972
2180
590
131
2286
2008
2334
907
912
555
2676
101
763
870
638
726
392
1677
2189
928
1828
1136
231
1755
1287
1466
728
41
1006
1689
1770
822
2217
988
170
466
1919
2171
2272
1430
2470
609
740
2681
675
980
1422
2305
521
405
1648
173
1194
1034
1266
438
1357
787
2301
727
1539
2331
1079
630
1157
2280
1485
14
13
636
1773
1864
1979
1862
535
100
2175
1798
611
637
2566
1809
762
1340
129
1238
1236
657
2345
1984
1312
271
1275
2138
208
367
448
292
2152
289
369
1037
498
2082
2068
1994
2671
1971
854
786
1790
615
240
2015
1760
2690
887
199
2196
2333
1414
1282
598
1976
1999
1330
2218
224
1113
1854
147
304
1280
998
1425
2580
2161
1951
1054
1891
1763
465
761
493
795
528
1022
939
1362
2449
1069
390
2255
730
1062
1222
922
1515
2557
2491
435
1592
2094
1499
1469
2106
216
1431
1156
2379
2154
1723
1507
1911
27
359
724
1092
564
2706
2602
2391
2055
1367
1709
2479
2279
1056
1342
2501
667
610
235
559
1549
970
171
691
2380
2590
183
1009
949
485
2349
968
1101
2277
1298
616
1913
1254
1023
913
766
350
715
2338
1031
933
1361
2554
35
151
1706
2514
1762
1450
1348
146
2043
2451
426
1334
1843
412
1462
449
1249
1585
2645
841
2599
654
1268
15
2539
1895
1449
1921
1267
1421
964
1777
824
1555
1365
1409
889
2548
1039
1400
230
1461
2695
2463
1626
132
1751
798
614
2644
2062
451
1311
1832
2268
67
1819
819
486
2131
2049
47
1300
2116
1714
773
2402
1697
1484
881
890
431
2176
172
2656
2267
1752
2169
2664
110
391
2617
2576
1206
1246
148
2702
325
593
227
2142
433
209
1530
2362
733
2085
382
678
2377
2203
2487
1178
28
827
1580
1453
2315
2638
2247
1725
319
1747
1543
1728
1241
414
145
1491
242
2428
1787
875
2224
2307
905
1487
2437
1337
2194
1609
49
2537
2299
452
895
524
1926
1119
167
1063
320
2629
2317
681
548
1051
1948
2303
1223
2596
1377
1307
530
999
1761
872
1257
1038
2103
1765
876
1824
104
122
2357
179
2228
2214
958
2608
2350
1930
1043
2662
2635
734
1987
1258
2621
1617
1542
1695
117
1978
1162
2144
484
1871
2476
2398
262
2006
207
2413
2048
2237
808
2282
2212
1452
1996
1320
2573
1779
2159
1317
767
7
2647
732
327
562
1434
360
1612
1604
1214
2245
2577
272
1041
60
338
2322
2337
251
633
1662
2551
354
160
196
1328
1928
1569
565
1853
357
1407
2477
594
269
137
2515
1315
2030
365
669
268
2553
1712
2084
1839
1042
303
1286
736
1639
1309
410
2526
1302
96
479
860
2166
817
71
2028
588
2254
2660
256
254
1805
1098
33
2104
2500
2509
1621
1314
842
655
2455
2658
1053
1404
1478
491
587
2696
1974
1789
2670
1980
1817
502
1477
603
2415
1209
404
2027
1649
2613
1830
2434
802
1175
1791
1114
665
1886
523
2431
981
243
1744
2446
2686
499
184
487
2419
2494
1147
974
1231
1029
73
1502
138
306
1243
2480
1753
516
2523
650
2213
2332
2534
2263
1977
2183
1099
2259
46
893
1467
169
2528
797
2429
2471
2179
825
1403
2435
275
2432
2148
1883
1104
1169
1899
346
428
142
59
1186
91
43
744
201
810
2639
983
339
670
30
2063
2314
2344
2358
1117
401
2651
2099
704
1698
641
2382
105
719
558
596
2568
2088
898
387
2087
662
42
156
1973
906
807
2646
1808
2260
1142
76
515
1125
1164
994
668
696
1601
1598
1774
2034
2128
1567
4
1150
1080
2393
2029
1800
2689
989
1606
794
880
1389
2364
1024
2387
840
163
904
1291
2535
411
1419
421
2120
1916
563
2093
664
845
1427
45
1264
133
2623
1133
687
2143
1781
1995
368
141
2335
1100
1844
2375
2589
333
1563
478
386
2612
748
2533
345
927
1344
380
1936
1458
1239
1115
1964
1678
909
743
702
1660
2121
177
666
768
1892
474
506
1520
1040
1380
1884
128
2188
51
1318
883
2302
1624
2101
1199
220
942
1204
1353
544
1705
1015
2157
920
337
1620
1070
2193
2135
818
1535
305
323
1123
2433
1675
2700
2453
723
1613
1682
1909
1671
984
1937
1681
931
2392
1759
2300
2505
2687
2538
812
2122
1710
1796
935
1896
1945
1946
1248
2275
1890
437
2584
2418
94
626
965
32
525
2047
2521
212
1242
2058
503
921
1256
1815
2243
805
1657
1739
2290
2114
627
1634
697
1721
953
2356
2251
2061
934
2342
2233
1834
343
1293
2355
581
2192
2587
1561
2107
1073
1020
2022
2178
461
1472
1492
1120
2261
1399
2469
1304
1668
947
2323
1346
937
1975
2040
1368
2370
2273
2542
2627
26
1437
453
241
497
580
2558
2227
2001
1360
2327
779
932
1799
1091
2057
2634
1032
111
1230
2669
1192
2075
1962
442
1841
1792
492
2003
500
918
1232
578
2289
971
248
2488
1306
2550
731
112
1835
17
2095
2083
1290
2076
2407
1381
1036
700
1575
1375
2692
677
1820
2513
1277
2510
11
16
1139
2168
441
1447
56
595
225
629
1731
351
1938
2516
1900
119
741
2495
1906
2164
2354
2137
2710
2498
692
285
1064
1274
321
1571
1513
193
52
672
742
2309
1201
1244
2452
1646
712
1463
1559
1392
2401
1573
1189
2018
1814
1220
2512
244
699
1410
1603
721
830
1730
682
846
759
446
1371
2052
1096
2014
2165
1033
1116
263
2703
2556
1390
2262
1711
377
1577
2632
656
1637
765
1384
2100
154
2170
809
273
2288
577
1525
2673
84
2080
2201
2086
54
1160
1143
2712
2293
1279
299
1840
2682
621
2454
1879
2672
618
1496
792
1686
1132
2271
107
1251
467
1226
2610
1402
2037
1190
2478
2583
997
1493
925
1534
1018
1867
418
2250
952
2560
1940
1831
1335
1743
1349
2406
344
1950
1963
1540
2174
858
416
264
1676
915
1435
2226
1356
19
1351
2506
862
1503
200
1707
852
1197
2408
1420
1166
180
2547
300
1058
1703
135
1821
1748
2427
2140
1278
1008
165
1672
29
490
2097
1733
652
82
1564
754
2209
1406
855
589
1233
623
1045
2603
707
37
1067
1924
2210
2423
40
1423
1521
1416
1878
658
420
2616
1163
2019
2341
1825
330
81
363
290
513
2235
2624
751
644
1907
1102
923
2462
1874
123
1235
1858
64
1804
2691
1718
514
847
526
1992
18
836
1259
2473
2637
2065
1497
1050
232
253
777
2594
134
2296
1897
2353
1888
1894
5
706
2394
1983
695
2705
1801
673
1942
1859
1872
2444
1527
959
1265
806
155
1483
585
2373
1993
1991
297
1154
2369
2468
760
1284
2054
512
2207
2330
1939
213
653
1393
608
1188
394
1517
375
284
68
1172
533
1072
475
1642
1812
946
2151
249
1508
124
1720
2527
2136
560
413
2074
1261
837
366
2504
1856
1638
1764
2239
1533
844
2091
903
2105
1200
1324
1398
1085
2666
2675
1528
1640
1591
1498
1602
1488
1691
481
1255
39
2497
1875
2440
2269
396
2352
454
838
978
1468
604
2490
1347
324
2002
1146
2115
936
2461
2507
1471
1726
1713
940
539
61
217
540
631
1552
44
397
1644
518
1966
1173
400
260
93
686
1998
1044
2567
592
1369
1986
1737
233
97
1829
1551
648
1457
1880
1745
2555
1635
2096
1687
804
2319
1212
738
1025
2163
745
2316
1225
2033
985
550
115
1715
1673
1095
977
471
676
863
1130
2508
311
969
384
680
1958
1388
2318
89
1633
261
1934
1655
1087
336
1794
1586
2109
2145
774
2372
2654
986
1683
1426
1827
2198
218
2257
1661
709
2445
1587
1927
1011
1343
640
508
1902
1065
1198
788
2112
223
125
2050
826
2711
315
2688
2181
158
2110
1074
1724
1138
850
1881
1440
507
2649
1480
318
316
2595
144
1203
1941
2102
541
2
1647
2156
951
1325
1196
1048
1432
689
771
1283
902
1741
342
1959
1650
2073
121
1475
1768
473
1086
694
1842
340
198
561
2492
2222
1851
2007
1252
460
1103
1004
1589
1537
1615
2708
1002
2123
1873
1550
1722
153
628
1308
1077
671
2265
2200
2475
643
2119
1696
182
833
458
1273
2365
1784
22
1097
645
1358
2661
1479
2448
1885
178
8
2231
746
279
72
2626
1195
1208
267
